10 0 352 200 432
11 0 108 200 188
115 0 32 200 112
12 0 80 200 160
121 0 112 200 192
125 0 404 200 484
126 0 352 200 432
127 0 280 200 360
128 0 48 200 128
129 0 412 200 492
13 0 284 200 364
13 0 452 200 532
130 0 368 200 448
131 0 160 200 240
132 0 388 200 468
132 0 526 200 606
133 0 352 200 432
133 0 488 200 568
135 0 216 200 296
135 0 368 200 448
136 0 204 200 284
136 0 356 200 436
137 0 44 200 124
138 0 16 200 96
139 0 20 200 100
14 0 480 200 560
141 0 144 200 224
149 0 324 200 404
151 0 196 200 276
154 0 340 200 420
16 0 12 200 92
164 0 296 200 376
165 0 96 200 176
170 0 616 200 696
172 0 80 200 160
173 0 96 200 176
174 0 168 200 248
175 0 456 200 536
176 0 132 200 212
178 0 344 200 424
179 0 40 200 120
179 0 352 200 432
18 0 28 200 108
182 0 176 200 256
183 0 184 200 264
184 0 368 200 448
191 0 272 200 352
193 0 400 200 480
194 0 264 200 344
195 0 220 200 300
197 0 476 200 556
198 0 488 200 568
20 0 440 200 520
200 0 384 200 464
202 0 144 200 224
203 0 84 200 164
204 0 124 200 204
206 0 452 200 532
207 0 172 200 252
208 0 24 200 104
213 0 128 200 208
214 0 112 200 192
216 0 424 200 504
22 0 32 200 112
228 0 332 200 412
229 0 448 200 528
23 0 144 200 224
231 0 488 200 568
235 0 160 200 240
236 0 48 200 128
24 0 148 200 228
25 0 160 200 240
26 0 272 200 352
29 0 48 200 128
30 0 104 200 184
31 0 280 200 360
32 0 84 200 164
33 0 264 200 344
34 0 132 200 212
35 0 340 200 420
36 0 120 200 200
37 0 96 200 176
38 0 404 200 484
39 0 196 200 276
40 0 344 200 424
42 0 72 200 152
43 0 8 200 88
43 0 216 200 296
44 0 88 200 168
45 0 60 200 140
45 0 192 200 272
46 0 188 200 268
48 0 264 200 344
49 0 328 200 408
5 0 748 200 828
52 0 256 200 336
53 0 228 200 308
54 0 116 200 196
55 0 264 200 344
56 0 216 200 296
59 0 308 200 388
60 0 372 200 452
61 0 500 200 580
62 0 432 200 512
65 0 344 200 424
66 0 312 200 392
68 0 376 200 456
69 0 344 200 424
7 0 520 200 600
70 0 320 200 400
8 0 660 200 740
9 0 596 200 676
