11 0 108 200 188
115 0 32 200 112
12 0 80 200 160
121 0 112 200 192
125 0 404 200 484
126 0 352 200 432
127 0 280 200 360
128 0 48 200 128
129 0 416 200 496
13 0 440 200 520
130 0 368 200 448
131 0 164 200 244
132 0 388 200 468
132 0 531 200 611
133 0 356 200 436
133 0 496 200 576
134 0 37 200 117
135 0 216 200 296
135 0 360 200 440
136 0 208 200 288
136 0 344 200 424
137 0 40 200 120
138 0 20 200 100
139 0 24 200 104
14 0 484 200 564
141 0 144 200 224
145 0 276 200 356
148 0 300 200 380
149 0 328 200 408
150 0 128 200 208
151 0 196 200 276
153 0 272 200 352
154 0 340 200 420
16 0 16 200 96
165 0 96 200 176
166 0 84 200 164
167 0 184 200 264
174 0 168 200 248
176 0 128 200 208
178 0 32 200 112
179 0 36 200 116
18 0 32 200 112
181 0 96 200 176
182 0 176 200 256
183 0 180 200 260
184 0 364 200 444
185 0 456 200 536
191 0 272 200 352
193 0 396 200 476
194 0 264 200 344
195 0 224 200 304
196 0 332 200 412
197 0 476 200 556
198 0 488 200 568
20 0 440 200 520
200 0 384 200 464
203 0 88 200 168
204 0 124 200 204
206 0 452 200 532
207 0 172 200 252
208 0 24 200 104
213 0 128 200 208
214 0 112 200 192
221 0 176 200 256
226 0 200 200 280
228 0 328 200 408
229 0 448 200 528
23 0 144 200 224
238 0 32 200 112
24 0 148 200 228
25 0 164 200 244
26 0 268 200 348
27 0 224 200 304
29 0 44 200 124
30 0 96 200 176
31 0 272 200 352
32 0 84 200 164
33 0 272 200 352
34 0 136 200 216
35 0 344 200 424
36 0 120 200 200
37 0 100 200 180
38 0 404 200 484
39 0 24 200 104
39 0 204 200 284
40 0 344 200 424
41 0 32 200 112
43 0 8 200 88
43 0 212 200 292
44 0 80 200 160
45 0 64 200 144
45 0 188 200 268
46 0 32 200 112
46 0 196 200 276
47 0 248 200 328
48 0 264 200 344
49 0 332 200 412
50 0 352 200 432
52 0 256 200 336
53 0 228 200 308
54 0 116 200 196
55 0 268 200 348
56 0 220 200 300
57 0 228 200 308
58 0 288 200 368
59 0 304 200 384
60 0 376 200 456
61 0 500 200 580
62 0 424 200 504
63 0 128 200 208
64 0 144 200 224
65 0 336 200 416
66 0 312 200 392
67 0 80 200 160
68 0 376 200 456
69 0 340 200 420
7 0 520 200 600
70 0 316 200 396
8 0 656 200 736
9 0 596 200 676
