10 0 352 200 432
11 0 108 200 188
115 0 32 200 112
12 0 84 200 164
121 0 112 200 192
125 0 404 200 484
126 0 356 200 436
127 0 280 200 360
128 0 48 200 128
129 0 412 200 492
13 0 440 200 520
130 0 368 200 448
131 0 160 200 240
132 0 392 200 472
132 0 533 200 613
133 0 360 200 440
133 0 496 200 576
134 0 52 200 132
135 0 212 200 292
135 0 364 200 444
136 0 128 200 208
136 0 212 200 292
136 0 348 200 428
137 0 40 200 120
138 0 24 200 104
138 0 168 200 248
139 0 24 200 104
139 0 180 200 260
14 0 484 200 564
141 0 144 200 224
146 0 264 200 344
148 0 296 200 376
149 0 328 200 408
151 0 192 200 272
154 0 340 200 420
16 0 8 200 88
165 0 96 200 176
166 0 84 200 164
167 0 184 200 264
172 0 80 200 160
173 0 100 200 180
174 0 168 200 248
175 0 456 200 536
176 0 132 200 212
178 0 36 200 116
178 0 344 200 424
179 0 36 200 116
179 0 352 200 432
18 0 32 200 112
181 0 96 200 176
182 0 176 200 256
182 0 480 200 560
183 0 184 200 264
183 0 496 200 576
184 0 368 200 448
188 0 152 200 232
191 0 272 200 352
193 0 408 200 488
194 0 268 200 348
196 0 332 200 412
197 0 480 200 560
198 0 488 200 568
199 0 424 200 504
20 0 440 200 520
200 0 384 200 464
201 0 208 200 288
202 0 144 200 224
203 0 88 200 168
204 0 124 200 204
206 0 452 200 532
207 0 168 200 248
208 0 24 200 104
213 0 128 200 208
214 0 112 200 192
22 0 32 200 112
224 0 88 200 168
226 0 200 200 280
229 0 448 200 528
23 0 144 200 224
236 0 48 200 128
238 0 40 200 120
24 0 152 200 232
243 0 480 200 560
244 0 228 200 308
25 0 164 200 244
26 0 268 200 348
27 0 224 200 304
28 0 208 200 288
29 0 44 200 124
30 0 104 200 184
31 0 276 200 356
32 0 84 200 164
33 0 272 200 352
34 0 132 200 212
35 0 340 200 420
36 0 120 200 200
37 0 100 200 180
38 0 404 200 484
39 0 16 200 96
39 0 204 200 284
40 0 344 200 424
43 0 216 200 296
45 0 60 200 140
45 0 196 200 276
46 0 196 200 276
48 0 264 200 344
49 0 320 200 400
52 0 256 200 336
53 0 228 200 308
54 0 112 200 192
55 0 268 200 348
56 0 216 200 296
57 0 228 200 308
58 0 284 200 364
59 0 308 200 388
60 0 372 200 452
61 0 496 200 576
62 0 432 200 512
64 0 144 200 224
66 0 308 200 388
68 0 380 200 460
69 0 340 200 420
7 0 520 200 600
70 0 320 200 400
8 0 660 200 740
9 0 600 200 680
